# blastn
# Iteration: 0
# Query: NM_000207.3 Homo sapiens insulin (INS), transcript variant 1, mRNA
# RID: 6NB56UAW016
# Database: core_nt
# Fields: query acc.ver, subject acc.ver, % identity, alignment length, mismatches, gap opens, q. start, q. end, s. start, s. end, evalue, bit score
# 122 hits found
NM_000207.3	MT335689.1	100.000	465	0	0	1	465	272	736	0.0	859
NM_000207.3	NM_000207.3	100.000	465	0	0	1	465	1	465	0.0	859
NM_000207.3	BC005255.1	99.784	463	1	0	1	463	1	463	0.0	850
NM_000207.3	JQ951950.1	99.556	450	2	0	16	465	1	450	0.0	821
NM_000207.3	X70508.1	99.556	450	2	0	16	465	1	450	0.0	821
NM_000207.3	XM_063710879.1	98.280	465	8	0	1	465	1	465	0.0	815
NM_000207.3	MT335691.1	100.000	426	0	0	40	465	371	796	0.0	787
NM_000207.3	MT335691.1	100.000	42	0	0	1	42	272	313	8.36e-10	78.7
NM_000207.3	MT335687.1	100.000	426	0	0	40	465	490	915	0.0	787
NM_000207.3	MT335687.1	100.000	42	0	0	1	42	272	313	8.36e-10	78.7
NM_000207.3	NM_001185098.2	100.000	426	0	0	40	465	219	644	0.0	787
NM_000207.3	NM_001185098.2	100.000	42	0	0	1	42	1	42	8.36e-10	78.7
NM_000207.3	NM_001291897.2	100.000	426	0	0	40	465	100	525	0.0	787
NM_000207.3	NM_001291897.2	100.000	42	0	0	1	42	1	42	8.36e-10	78.7
NM_000207.3	NM_001185097.2	100.000	426	0	0	40	465	66	491	0.0	787
NM_000207.3	NM_001185097.2	100.000	42	0	0	1	42	1	42	8.36e-10	78.7
NM_000207.3	MT335690.1	99.533	428	0	1	40	465	337	764	0.0	778
NM_000207.3	MT335690.1	100.000	42	0	0	1	42	272	313	8.36e-10	78.7
NM_000207.3	XM_055294552.1	96.774	465	15	0	1	465	1	465	0.0	776
NM_000207.3	XM_024254897.2	96.781	466	13	2	1	465	38	502	0.0	776
NM_000207.3	XM_032153820.2	96.344	465	17	0	1	465	1	465	0.0	765
NM_000207.3	XM_003281351.4	96.718	457	15	0	7	463	1	457	0.0	761
NM_000207.3	XM_063710880.1	98.122	426	8	0	40	465	116	541	0.0	743
NM_000207.3	XM_063710880.1	100.000	42	0	0	1	42	1	42	8.36e-10	78.7
NM_000207.3	XM_004050427.4	98.122	426	8	0	40	465	110	535	0.0	743
NM_000207.3	XM_004050427.4	100.000	42	0	0	1	42	45	86	8.36e-10	78.7
NM_000207.3	XM_054524114.1	96.721	427	12	2	40	465	243	668	0.0	710
NM_000207.3	XM_054524114.1	97.619	42	1	0	1	42	9	50	3.89e-08	73.1
NM_000207.3	XM_055294554.1	96.479	426	15	0	40	465	116	541	0.0	704
NM_000207.3	XM_055294554.1	100.000	42	0	0	1	42	1	42	8.36e-10	78.7
NM_000207.3	XM_055294551.1	96.479	426	15	0	40	465	110	535	0.0	704
NM_000207.3	XM_055294551.1	100.000	42	0	0	1	42	45	86	8.36e-10	78.7
NM_000207.3	XM_030811481.1	96.479	426	15	0	40	465	60	485	0.0	704
NM_000207.3	XM_030811481.1	100.000	36	0	0	7	42	1	36	1.81e-06	67.6
NM_000207.3	XM_012496623.1	96.479	426	15	0	40	465	110	535	0.0	704
NM_000207.3	XM_012496623.1	100.000	36	0	0	7	42	1	36	1.81e-06	67.6
NM_000207.3	XM_050757989.1	94.168	463	26	1	3	465	53	514	0.0	704
NM_000207.3	XM_028833049.2	93.952	463	27	1	3	465	116	577	0.0	699
NM_000207.3	XM_011721316.2	93.952	463	27	1	3	465	1	462	0.0	699
NM_000207.3	XM_054439362.2	96.253	427	14	2	40	465	235	660	0.0	699
NM_000207.3	XM_054439362.2	97.619	42	1	0	1	42	1	42	3.89e-08	73.1
NM_000207.3	XM_032153822.2	96.009	426	17	0	40	465	116	541	0.0	693
NM_000207.3	XM_032153822.2	100.000	42	0	0	1	42	1	42	8.36e-10	78.7
NM_000207.3	XM_032153821.2	96.009	426	17	0	40	465	110	535	0.0	693
NM_000207.3	XM_032153821.2	100.000	42	0	0	1	42	45	86	8.36e-10	78.7
NM_000207.3	NM_001008996.2	98.473	393	6	0	1	393	1	393	0.0	693
NM_000207.3	XM_025355229.1	93.421	456	29	1	10	465	2	456	0.0	675
NM_000207.3	XM_010382053.2	92.873	463	32	1	3	465	28	489	0.0	671
NM_000207.3	XM_011930075.1	93.043	460	28	3	10	465	2	461	0.0	669
NM_000207.3	XM_011988226.1	93.202	456	29	2	10	465	2	455	0.0	669
NM_000207.3	XM_012041169.1	93.363	452	29	1	10	461	2	452	0.0	667
NM_000207.3	AY899304.1	100.000	361	0	0	40	400	36	396	0.0	667
NM_000207.3	XM_008004634.3	92.441	463	33	2	3	465	2207	2667	0.0	660
NM_000207.3	XM_017887787.1	92.952	454	31	1	10	463	2	454	0.0	660
NM_000207.3	XM_023183517.1	92.747	455	32	1	9	463	1	454	0.0	656
NM_000207.3	XM_033206820.1	92.009	463	36	1	3	465	28	489	0.0	649
NM_000207.3	XM_050757990.1	94.131	426	24	1	40	465	114	538	0.0	647
NM_000207.3	XM_050757988.1	94.131	426	24	1	40	465	337	761	0.0	647
NM_000207.3	XM_011721318.2	93.897	426	25	1	40	465	114	538	2.36e-179	641
NM_000207.3	XM_011721317.2	93.897	426	25	1	40	465	110	534	2.36e-179	641
NM_000207.3	XM_003909376.5	93.897	426	25	1	40	465	58	482	2.36e-179	641
NM_000207.3	XM_009185350.4	93.897	426	25	1	40	465	108	532	2.36e-179	641
NM_000207.3	XM_017948138.3	93.897	426	25	1	40	465	227	651	2.36e-179	641
NM_000207.3	XM_065527780.2	93.882	425	25	1	40	464	233	656	8.50e-179	640
NM_000207.3	XM_034931941.4	98.588	354	5	0	40	393	548	901	6.62e-175	627
NM_000207.3	XM_034931941.4	100.000	42	0	0	1	42	330	371	8.36e-10	78.7
NM_000207.3	XM_025355230.1	93.192	426	28	1	40	465	108	532	2.38e-174	625
NM_000207.3	XM_025355228.1	93.192	426	28	1	40	465	70	494	2.38e-174	625
NM_000207.3	XM_025355226.1	93.192	426	28	1	40	465	227	651	2.38e-174	625
NM_000207.3	XM_011988227.1	93.192	426	27	2	40	465	108	531	2.38e-174	625
NM_000207.3	XM_011988225.1	93.192	426	27	2	40	465	70	493	2.38e-174	625
NM_000207.3	XM_016919751.3	98.305	354	6	0	40	393	605	958	3.08e-173	621
NM_000207.3	XM_016919751.3	100.000	42	0	0	1	42	387	428	8.36e-10	78.7
NM_000207.3	DQ893040.2	99.417	343	1	1	58	399	21	363	3.08e-173	621
NM_000207.3	XM_012041172.1	92.958	426	29	1	40	465	58	482	1.11e-172	619
NM_000207.3	XM_012041171.1	92.958	426	29	1	40	465	108	532	1.11e-172	619
NM_000207.3	XM_011930074.1	92.791	430	27	3	40	465	70	499	1.11e-172	619
NM_000207.3	LT733283.1	99.702	336	1	0	56	391	484	819	1.43e-171	616
NM_000207.3	KJ891480.1	99.702	336	1	0	56	391	62	397	1.43e-171	616
NM_000207.3	AB587580.1	100.000	333	0	0	57	389	7	339	1.43e-171	616
NM_000207.3	DQ896283.2	99.125	343	2	1	58	399	21	363	1.43e-171	616
NM_000207.3	BT006808.1	100.000	333	0	0	60	392	1	333	1.43e-171	616
NM_000207.3	XM_023183519.1	92.723	426	30	1	40	465	227	651	5.15e-171	614
NM_000207.3	XM_023183518.1	92.723	426	30	1	40	465	58	482	5.15e-171	614
NM_000207.3	XM_017887804.1	92.723	426	30	1	40	465	98	522	5.15e-171	614
NM_000207.3	XM_017887801.1	92.723	426	30	1	40	465	199	623	5.15e-171	614
NM_000207.3	XM_017887795.1	92.723	426	30	1	40	465	57	481	5.15e-171	614
NM_000207.3	BT007778.1	100.000	331	0	0	60	390	1	331	1.85e-170	612
NM_000207.3	KR710185.1	99.405	336	2	0	56	391	62	397	6.67e-170	610
NM_000207.3	KR710184.1	99.405	336	2	0	56	391	62	397	6.67e-170	610
NM_000207.3	KR710183.1	99.405	336	2	0	56	391	62	397	6.67e-170	610
NM_000207.3	KR710182.1	99.405	336	2	0	56	391	62	397	6.67e-170	610
NM_000207.3	XM_008004561.3	92.488	426	31	1	40	465	2438	2862	2.40e-169	608
NM_000207.3	J00336.1	94.344	389	22	0	3	391	3	391	5.19e-166	597
NM_000207.3	JF909299.1	100.000	285	0	0	107	391	1	285	6.91e-145	527
NM_000207.3	XM_012456192.2	87.879	396	38	5	1	394	1	388	9.19e-124	457
NM_000207.3	OQ357260.1	98.450	258	4	0	132	389	1	258	3.31e-123	455
NM_000207.3	MT335692.1	100.000	246	0	0	1	246	1	246	3.31e-123	455
NM_000207.3	MT335692.1	99.471	189	0	1	278	465	241	429	2.69e-89	342
NM_000207.3	MT501209.1	99.600	250	0	1	1	249	1	250	3.31e-123	455
NM_000207.3	MT501209.1	100.000	95	0	0	371	465	246	340	2.88e-39	176
NM_000207.3	NR_003512.4	100.000	246	0	0	1	246	1	246	3.31e-123	455
NM_000207.3	OQ357259.1	98.450	258	4	0	132	389	1	258	3.31e-123	455
NM_000207.3	NM_001042376.3	100.000	246	0	0	1	246	1	246	3.31e-123	455
NM_000207.3	DQ104205.1	100.000	246	0	0	1	246	1	246	3.31e-123	455
NM_000207.3	DQ104204.1	100.000	246	0	0	1	246	1	246	3.31e-123	455
NM_000207.3	OQ357254.1	98.062	258	5	0	132	389	1	258	1.54e-121	449
NM_000207.3	OQ357261.1	97.674	258	6	0	132	389	1	258	7.16e-120	444
NM_000207.3	OQ357258.1	97.674	258	6	0	132	389	1	258	7.16e-120	444
NM_000207.3	OQ357257.1	97.674	258	6	0	132	389	1	258	7.16e-120	444
NM_000207.3	OQ357262.1	97.287	258	7	0	132	389	1	258	3.33e-118	438
NM_000207.3	XM_032268479.1	86.869	396	42	4	1	394	164	551	4.31e-117	435
NM_000207.3	OQ357256.1	96.899	258	8	0	132	389	1	258	1.55e-116	433
NM_000207.3	OQ357255.1	96.899	258	8	0	132	389	1	258	1.55e-116	433
NM_000207.3	XM_037731147.1	85.151	431	54	4	6	434	164	586	1.55e-116	433
NM_000207.3	XM_006141067.2	87.912	364	39	4	33	394	75	435	9.32e-114	424
NM_000207.3	XM_064370322.1	88.669	353	30	5	44	394	126	470	3.35e-113	422
NM_000207.3	XM_024254896.2	97.571	247	4	2	1	246	38	283	3.35e-113	422
NM_000207.3	XM_037731146.1	85.894	397	46	4	40	434	68	456	5.61e-111	414
NM_000207.3	MT335688.1	99.123	228	0	2	239	465	1476	1702	2.61e-109	409
NM_000207.3	MT335688.1	100.000	207	0	0	40	246	490	696	1.58e-101	383
NM_000207.3	MT335688.1	100.000	42	0	0	1	42	272	313	8.36e-10	78.7
