# blastp
# Iteration: 0
# Query: sp|P01308|INS_HUMAN Insulin OS=Homo sapiens
# RID: 6NCRE8AK014
# Database: nr_cluster_seq
# Fields: query acc.ver, subject acc.ver, % identity, alignment length, mismatches, gap opens, q. start, q. end, s. start, s. end, evalue, bit score, % positives
# 100 hits found
sp|P01308|INS_HUMAN	NP_001008996.1	98.182	110	2	0	1	110	1	110	1.04e-72	221	99.09
sp|P01308|INS_HUMAN	XP_034787832.1	99.091	110	1	0	1	110	95	204	2.00e-72	224	100.00
sp|P01308|INS_HUMAN	XP_011719619.2	98.182	110	2	0	1	110	44	153	3.80e-72	221	98.18
sp|P01308|INS_HUMAN	XP_008002825.1	97.273	110	3	0	1	110	35	144	4.68e-71	218	97.27
sp|P01308|INS_HUMAN	XP_017743290.1	97.273	110	3	0	1	110	38	147	1.16e-70	218	97.27
sp|P01308|INS_HUMAN	XP_008002752.1	97.273	110	3	0	1	110	100	209	7.23e-70	218	97.27
sp|P01308|INS_HUMAN	PNJ16423.1	88.182	110	1	1	1	110	1	98	9.88e-61	191	88.18
sp|P01308|INS_HUMAN	KAN7991649.1	90.000	110	11	0	1	110	1	110	4.49e-58	184	90.91
sp|P01308|INS_HUMAN	XP_080768357.1	79.091	110	23	0	1	110	1	110	4.90e-58	184	85.45
sp|P01308|INS_HUMAN	UFQ90408.1	100.000	86	0	0	25	110	125	210	2.59e-56	183	100.00
sp|P01308|INS_HUMAN	KAN3685427.1	88.182	110	13	0	1	110	1	110	1.94e-55	178	90.00
sp|P01308|INS_HUMAN	MCZ4612290.1	100.000	86	0	0	25	110	58	143	2.38e-55	179	100.00
sp|P01308|INS_HUMAN	AGG11869.1	98.837	86	1	0	25	110	12	97	1.24e-54	175	98.84
sp|P01308|INS_HUMAN	1006230A	98.837	86	1	0	25	110	1	86	2.92e-54	174	98.84
sp|P01308|INS_HUMAN	XP_049992438.1	85.455	110	16	0	1	110	19	128	5.50e-54	175	90.00
sp|P01308|INS_HUMAN	KAL6031003.1	85.455	110	16	0	1	110	36	145	8.94e-54	175	89.09
sp|P01308|INS_HUMAN	UIK24472.1	97.674	86	2	0	25	110	122	207	1.46e-53	176	97.67
sp|P01308|INS_HUMAN	NP_001353985.1	86.364	110	15	0	1	110	1	110	1.80e-53	173	89.09
sp|P01308|INS_HUMAN	KAL0628984.1	87.273	110	12	1	1	110	77	184	1.96e-53	175	90.91
sp|P01308|INS_HUMAN	HDJ0545968.1	84.762	105	13	1	2	106	8	109	2.82e-53	172	86.67
sp|P01308|INS_HUMAN	EGW08477.1	86.364	110	15	0	1	110	139	248	3.48e-53	177	90.91
sp|P01308|INS_HUMAN	KAK7801657.1	84.545	110	17	0	1	110	26	135	6.22e-53	172	89.09
sp|P01308|INS_HUMAN	XP_064226392.1	86.364	110	13	1	1	110	48	155	6.28e-53	173	90.00
sp|P01308|INS_HUMAN	XP_003798420.1	84.545	110	17	0	1	110	1	110	8.08e-53	171	88.18
sp|P01308|INS_HUMAN	P67972.1	85.455	110	14	1	1	110	1	108	8.85e-53	171	90.00
sp|P01308|INS_HUMAN	NP_062002.1	82.727	110	19	0	1	110	1	110	9.84e-53	171	86.36
sp|P01308|INS_HUMAN	XOB88773.1	81.818	110	20	0	1	110	223	332	2.12e-52	177	86.36
sp|P01308|INS_HUMAN	XP_006911039.1	84.545	110	17	0	1	110	1	110	2.76e-52	170	87.27
sp|P01308|INS_HUMAN	NP_001123565.1	88.182	110	13	0	1	110	1	110	3.01e-52	170	89.09
sp|P01308|INS_HUMAN	NP_001172012.1	81.818	110	20	0	1	110	1	110	4.52e-52	169	85.45
sp|P01308|INS_HUMAN	XP_069327944.1	87.273	110	13	1	1	110	1	109	4.58e-52	169	89.09
sp|P01308|INS_HUMAN	XP_072614830.1	88.182	110	13	0	1	110	15	124	6.16e-52	169	89.09
sp|P01308|INS_HUMAN	KAM6160390.1	80.909	110	21	0	1	110	1	110	1.69e-51	168	86.36
sp|P01308|INS_HUMAN	XP_035119627.2	85.455	110	14	1	1	110	41	148	1.71e-51	169	89.09
sp|P01308|INS_HUMAN	XP_039081000.1	83.636	110	18	0	1	110	1	110	4.47e-51	167	84.55
sp|P01308|INS_HUMAN	MBW01439.1	88.182	110	13	0	1	110	68	177	4.91e-51	169	89.09
sp|P01308|INS_HUMAN	AWO14628.1	94.382	89	1	1	25	109	16	104	7.90e-51	166	94.38
sp|P01308|INS_HUMAN	XP_052028151.1	78.182	110	24	0	1	110	1	110	1.25e-50	166	83.64
sp|P01308|INS_HUMAN	GAB5578225.1	81.818	110	20	0	1	110	62	171	1.72e-50	167	83.64
sp|P01308|INS_HUMAN	Q62587.1	80.909	110	21	0	1	110	1	110	1.82e-50	165	85.45
sp|P01308|INS_HUMAN	XP_061059793.1	88.182	110	13	0	1	110	125	234	2.05e-50	169	89.09
sp|P01308|INS_HUMAN	XP_025211012.1	85.455	110	4	1	1	110	38	135	9.72e-50	164	85.45
sp|P01308|INS_HUMAN	NP_001009272.1	80.909	110	21	0	1	110	1	110	1.02e-49	163	83.64
sp|P01308|INS_HUMAN	XP_035930639.2	85.455	110	16	0	1	110	39	148	1.70e-49	164	87.27
sp|P01308|INS_HUMAN	XP_032975469.1	89.091	110	12	0	1	110	14	123	4.15e-49	162	90.00
sp|P01308|INS_HUMAN	GAC3179544.1	85.455	110	16	0	1	110	1	110	6.43e-49	161	87.27
sp|P01308|INS_HUMAN	XP_029770545.1	86.364	110	15	0	1	110	1	110	7.92e-49	161	87.27
sp|P01308|INS_HUMAN	NP_001269184.1	89.091	110	12	0	1	110	1	110	9.65e-49	161	91.82
sp|P01308|INS_HUMAN	XP_004852149.1	79.091	110	23	0	1	110	1	110	1.45e-48	160	85.45
sp|P01308|INS_HUMAN	WVR21740.1	81.818	110	20	0	1	110	543	652	2.43e-48	173	86.36
sp|P01308|INS_HUMAN	XP_002920166.2	80.000	110	21	1	1	110	39	147	3.08e-48	161	82.73
sp|P01308|INS_HUMAN	XP_005384246.1	77.273	110	25	0	1	110	1	110	8.19e-48	158	85.45
sp|P01308|INS_HUMAN	XP_006893274.1	78.182	110	19	1	1	110	1	105	1.34e-47	158	82.73
sp|P01308|INS_HUMAN	XP_003422420.1	79.091	110	18	1	1	110	1	105	2.64e-47	157	81.82
sp|P01308|INS_HUMAN	XP_026338704.1	79.091	110	22	1	1	110	1	109	3.34e-47	157	80.91
sp|P01308|INS_HUMAN	XP_080575349.1	86.364	110	15	0	1	110	1	110	9.55e-47	155	90.00
sp|P01308|INS_HUMAN	XP_012876479.1	80.909	110	13	1	1	110	1	102	1.22e-46	155	85.45
sp|P01308|INS_HUMAN	XP_008837427.1	78.182	110	12	1	1	110	1	98	3.31e-46	154	81.82
sp|P01308|INS_HUMAN	XP_047375537.1	81.818	110	16	1	1	110	1	106	3.40e-46	154	84.55
sp|P01308|INS_HUMAN	XP_006860871.1	78.182	110	20	1	1	110	1	106	3.71e-46	154	83.64
sp|P01308|INS_HUMAN	NP_032412.3	78.182	110	22	1	1	110	1	108	4.21e-46	154	82.73
sp|P01308|INS_HUMAN	KAN7290136.1	80.000	110	18	1	1	110	1	106	4.77e-46	154	81.82
sp|P01308|INS_HUMAN	XP_010633950.1	75.455	110	27	0	1	110	1	110	5.58e-46	154	80.91
sp|P01308|INS_HUMAN	XP_040827010.1	77.273	110	20	2	1	110	1	105	9.65e-46	153	82.73
sp|P01308|INS_HUMAN	KAM4845477.1	84.545	110	17	0	1	110	1	110	2.59e-45	152	90.91
sp|P01308|INS_HUMAN	XP_053780668.1	80.909	110	17	1	1	110	1	106	1.07e-44	150	83.64
sp|P01308|INS_HUMAN	AAX84658.1	83.721	86	14	0	25	110	1	86	1.54e-44	149	86.05
sp|P01308|INS_HUMAN	XP_012665959.1	77.273	110	13	1	1	110	1	98	2.33e-44	149	80.91
sp|P01308|INS_HUMAN	XP_036115849.1	82.727	110	13	1	1	110	1	104	3.60e-44	149	85.45
sp|P01308|INS_HUMAN	720460A	83.721	86	14	0	25	110	1	86	3.86e-44	148	88.37
sp|P01308|INS_HUMAN	6PXV_D	86.047	86	0	1	25	110	1	74	2.81e-43	146	86.05
sp|P01308|INS_HUMAN	KAM6159318.1	74.545	110	21	2	1	110	1	103	3.65e-43	146	79.09
sp|P01308|INS_HUMAN	XP_036903723.1	86.364	110	15	0	1	110	1	110	4.94e-43	146	90.00
sp|P01308|INS_HUMAN	KAK1335327.1	76.531	98	19	1	13	110	38	131	6.86e-43	147	80.61
sp|P01308|INS_HUMAN	XP_017898972.1	80.000	110	17	1	1	110	1	105	8.18e-43	145	82.73
sp|P01308|INS_HUMAN	XP_004717235.1	75.000	112	22	2	1	110	1	108	1.60e-42	145	79.46
sp|P01308|INS_HUMAN	XDB66183.1	80.000	110	17	1	1	110	82	186	2.20e-42	147	82.73
sp|P01308|INS_HUMAN	XP_031303797.1	83.636	110	18	0	1	110	1	110	3.18e-42	144	84.55
sp|P01308|INS_HUMAN	XP_028373401.1	84.545	110	17	0	1	110	1	110	3.84e-42	144	89.09
sp|P01308|INS_HUMAN	P21563.1	79.787	94	16	3	18	110	17	108	2.27e-41	142	84.04
sp|P01308|INS_HUMAN	XP_066233441.1	86.364	110	15	0	1	110	1	110	2.94e-41	142	89.09
sp|P01308|INS_HUMAN	XP_070283206.1	81.081	111	15	2	1	110	1	106	4.92e-41	141	84.68
sp|P01308|INS_HUMAN	XP_058518660.1	72.727	110	21	2	1	110	1	101	1.46e-40	140	78.18
sp|P01308|INS_HUMAN	XP_016005248.1	75.676	111	26	1	1	110	1	111	2.63e-40	139	81.08
sp|P01308|INS_HUMAN	XP_055987872.1	74.545	110	19	2	1	110	1	101	4.04e-40	139	76.36
sp|P01308|INS_HUMAN	XP_007171218.3	85.455	110	16	0	1	110	1	110	1.11e-39	138	88.18
sp|P01308|INS_HUMAN	XP_071073997.1	78.378	111	22	2	1	110	1	110	1.96e-39	137	79.28
sp|P01308|INS_HUMAN	XP_058518662.1	70.909	110	22	2	1	110	1	100	2.19e-39	137	76.36
sp|P01308|INS_HUMAN	XP_022446765.1	77.273	110	13	1	1	110	1	98	2.23e-39	137	78.18
sp|P01308|INS_HUMAN	XP_010160985.1	70.909	110	31	1	1	110	1	109	8.61e-39	135	77.27
sp|P01308|INS_HUMAN	XP_015420950.1	76.364	110	22	1	1	110	1	106	2.60e-38	134	80.91
sp|P01308|INS_HUMAN	P01327.2	74.419	86	22	0	25	110	1	86	4.05e-38	133	82.56
sp|P01308|INS_HUMAN	AAM76640.1	100.000	65	0	0	31	95	1	65	1.12e-37	131	100.00
sp|P01308|INS_HUMAN	OBS57160.1	82.609	92	16	0	1	92	1	92	1.17e-37	133	85.87
sp|P01308|INS_HUMAN	XP_027724482.1	63.636	110	33	1	1	110	1	103	1.49e-37	132	67.27
sp|P01308|INS_HUMAN	XP_059007261.1	80.000	110	21	1	1	110	18	126	1.95e-37	133	82.73
sp|P01308|INS_HUMAN	AAC77920.1	85.455	110	14	1	1	110	20	127	2.42e-37	132	86.36
sp|P01308|INS_HUMAN	NP_001103242.1	85.455	110	14	1	1	110	1	108	5.20e-37	131	86.36
sp|P01308|INS_HUMAN	XP_044117161.1	79.091	110	22	1	1	110	1	109	5.84e-37	131	81.82
sp|P01308|INS_HUMAN	XP_058684511.1	63.717	113	32	2	1	110	32	138	1.12e-36	131	68.14
