# blastp
# Iteration: 0
# Query: sp|P04637|P53_HUMAN Cellular tumor antigen p53 OS=Homo sapiens OX=9606 GN=TP53 PE=1 SV=4
# RID: 6SXTJEUJ016
# Database: nr_cluster_seq
# Fields: query acc.ver, subject acc.ver, % identity, alignment length, mismatches, gap opens, q. start, q. end, s. start, s. end, evalue, bit score, % positives
# 101 hits found
sp|P04637|P53_HUMAN	NP_000537.3	100.000	393	0	0	1	393	1	393	0.0	813	100.00
sp|P04637|P53_HUMAN	XP_050621303.1	95.674	393	17	0	1	393	98	490	0.0	785	97.20
sp|P04637|P53_HUMAN	NP_001119590.1	100.000	354	0	0	40	393	1	354	0.0	737	100.00
sp|P04637|P53_HUMAN	XP_011813950.1	89.822	393	16	1	1	393	1	369	0.0	724	91.09
sp|P04637|P53_HUMAN	NP_001119585.1	97.654	341	8	0	1	341	1	341	0.0	689	98.24
sp|P04637|P53_HUMAN	XP_008008383.3	94.565	368	15	1	26	393	44	406	0.0	689	95.38
sp|P04637|P53_HUMAN	KAL2765772.1	88.550	393	41	2	1	393	1	389	0.0	687	90.33
sp|P04637|P53_HUMAN	XP_012631512.1	86.005	393	47	3	1	393	1	385	0.0	664	88.55
sp|P04637|P53_HUMAN	XP_062967318.1	87.786	393	46	1	1	393	1	391	0.0	664	91.60
sp|P04637|P53_HUMAN	XP_032136321.1	90.541	370	33	1	26	393	43	412	0.0	662	93.51
sp|P04637|P53_HUMAN	NP_001306217.1	84.518	394	57	2	1	393	1	391	0.0	661	89.09
sp|P04637|P53_HUMAN	XP_069338125.1	82.952	393	37	3	1	393	1	363	0.0	654	86.01
sp|P04637|P53_HUMAN	NP_001075873.1	86.041	394	51	3	1	393	1	391	0.0	651	90.36
sp|P04637|P53_HUMAN	XP_012661495.1	83.969	393	60	2	1	393	1	390	0.0	647	87.79
sp|P04637|P53_HUMAN	9CHT_B	98.718	312	4	0	1	312	85	396	0.0	646	99.36
sp|P04637|P53_HUMAN	XP_064234431.1	89.674	368	36	1	1	366	1	368	0.0	638	92.93
sp|P04637|P53_HUMAN	XP_065753056.1	80.964	394	48	2	1	393	1	368	0.0	637	84.52
sp|P04637|P53_HUMAN	AYE20624.1	100.000	305	0	0	1	305	1	305	0.0	635	100.00
sp|P04637|P53_HUMAN	XP_052612630.1	82.532	395	63	4	1	393	1	391	0.0	634	86.33
sp|P04637|P53_HUMAN	AHK05716.1	82.576	396	53	5	1	393	1	383	0.0	634	86.11
sp|P04637|P53_HUMAN	XUP55605.1	80.303	396	66	6	1	393	1	387	0.0	632	85.61
sp|P04637|P53_HUMAN	KAL2765776.1	89.548	354	33	2	40	393	1	350	0.0	630	90.96
sp|P04637|P53_HUMAN	XP_059988823.1	84.264	394	54	3	1	393	63	449	0.0	629	88.07
sp|P04637|P53_HUMAN	NP_001297199.1	83.206	393	64	1	1	393	1	391	0.0	628	87.28
sp|P04637|P53_HUMAN	XP_036053163.1	81.864	397	64	5	1	393	112	504	0.0	625	86.15
sp|P04637|P53_HUMAN	KAL1779023.1	78.481	395	78	5	1	393	1	390	0.0	623	84.56
sp|P04637|P53_HUMAN	XP_036053164.1	81.864	397	64	5	1	393	58	450	0.0	623	86.15
sp|P04637|P53_HUMAN	NP_001166211.1	78.228	395	80	2	1	393	1	391	0.0	618	84.56
sp|P04637|P53_HUMAN	KAF7473433.1	87.006	354	44	1	40	393	1	352	0.0	618	91.24
sp|P04637|P53_HUMAN	CAA25652.1	100.000	293	0	0	101	393	1	293	0.0	617	100.00
sp|P04637|P53_HUMAN	XP_004669270.2	81.472	394	60	3	1	393	1	382	0.0	616	86.29
sp|P04637|P53_HUMAN	XP_080569494.1	80.407	393	66	3	1	393	1	382	0.0	614	86.01
sp|P04637|P53_HUMAN	KAN3435211.1	80.203	394	64	5	1	393	1	381	0.0	613	85.53
sp|P04637|P53_HUMAN	XP_035155777.1	78.228	395	34	2	1	393	1	345	0.0	613	81.52
sp|P04637|P53_HUMAN	NP_998989.3	81.519	395	62	5	1	393	1	386	0.0	612	86.58
sp|P04637|P53_HUMAN	NP_001263624.1	97.351	302	8	0	40	341	1	302	0.0	612	98.01
sp|P04637|P53_HUMAN	NP_001230905.1	77.157	394	88	2	1	393	1	393	0.0	612	83.76
sp|P04637|P53_HUMAN	NP_001189334.1	82.487	394	55	4	1	393	1	381	0.0	612	86.80
sp|P04637|P53_HUMAN	KAK7804724.1	78.228	395	65	5	1	393	1	376	0.0	612	81.52
sp|P04637|P53_HUMAN	XP_055161514.1	80.203	394	64	4	1	393	58	438	0.0	612	86.04
sp|P04637|P53_HUMAN	XP_037665508.1	80.964	394	65	4	1	393	1	385	0.0	611	84.26
sp|P04637|P53_HUMAN	EQB77175.1	79.951	409	53	5	1	393	1	396	0.0	611	84.84
sp|P04637|P53_HUMAN	XP_016010258.1	78.173	394	74	4	1	393	1	383	0.0	610	84.26
sp|P04637|P53_HUMAN	XP_019600750.1	80.711	394	61	6	1	393	1	380	0.0	610	86.04
sp|P04637|P53_HUMAN	XP_058415794.1	80.711	394	59	6	1	393	1	378	0.0	610	86.55
sp|P04637|P53_HUMAN	XP_079759820.1	78.014	423	56	4	1	393	1	416	0.0	608	82.03
sp|P04637|P53_HUMAN	NP_001376147.1	80.711	394	62	4	1	393	1	381	0.0	607	86.55
sp|P04637|P53_HUMAN	XP_037347933.1	77.354	393	76	4	1	393	1	380	0.0	606	84.22
sp|P04637|P53_HUMAN	KAN3501127.1	80.457	394	62	6	1	393	68	447	0.0	605	85.28
sp|P04637|P53_HUMAN	KAM5274387.1	79.188	394	78	3	1	393	1	391	0.0	605	84.52
sp|P04637|P53_HUMAN	XP_036751761.2	84.673	398	48	5	1	393	1	390	0.0	599	88.44
sp|P04637|P53_HUMAN	NP_035770.2	77.354	393	83	4	1	393	4	390	0.0	598	82.95
sp|P04637|P53_HUMAN	KAN3794404.1	79.188	394	69	4	1	393	1	382	0.0	598	84.26
sp|P04637|P53_HUMAN	KAM9596876.1	73.086	431	69	6	1	393	1	422	0.0	597	76.57
sp|P04637|P53_HUMAN	KAM4844469.1	76.263	396	85	4	1	393	1	390	0.0	597	82.07
sp|P04637|P53_HUMAN	CAO2643782.1	82.486	354	48	3	40	393	1	340	0.0	596	86.16
sp|P04637|P53_HUMAN	XP_036125049.1	79.188	394	66	7	1	393	1	379	0.0	595	83.76
sp|P04637|P53_HUMAN	XP_004604915.2	78.987	395	69	6	1	393	1	383	0.0	592	84.05
sp|P04637|P53_HUMAN	KAG8507094.1	77.083	384	76	4	10	393	1	372	0.0	592	83.59
sp|P04637|P53_HUMAN	NP_001009403.1	78.426	394	72	3	1	393	1	382	0.0	589	84.26
sp|P04637|P53_HUMAN	XP_055432610.1	79.442	394	72	4	1	393	114	499	0.0	586	85.03
sp|P04637|P53_HUMAN	NP_001416922.1	75.434	403	77	5	1	393	1	391	0.0	585	81.39
sp|P04637|P53_HUMAN	XP_073903071.1	78.385	384	65	4	1	372	1	378	0.0	585	83.07
sp|P04637|P53_HUMAN	NP_001009294.1	79.695	394	71	4	1	393	1	386	0.0	585	85.28
sp|P04637|P53_HUMAN	XP_006922397.1	77.411	394	72	4	1	393	1	378	0.0	585	84.01
sp|P04637|P53_HUMAN	XP_066220879.1	75.635	394	90	4	1	393	1	389	0.0	584	82.99
sp|P04637|P53_HUMAN	XP_017387084.1	89.189	333	34	1	1	331	1	333	0.0	583	92.79
sp|P04637|P53_HUMAN	XP_003416950.3	80.451	399	63	7	1	393	1	390	0.0	583	83.96
sp|P04637|P53_HUMAN	XP_080778678.1	75.443	395	73	4	1	393	1	373	0.0	582	81.01
sp|P04637|P53_HUMAN	XP_073653870.1	82.306	373	58	3	1	372	1	366	0.0	581	87.40
sp|P04637|P53_HUMAN	XP_031207308.1	76.042	384	88	1	10	393	16	395	0.0	578	82.55
sp|P04637|P53_HUMAN	KAN3546660.1	75.556	405	82	6	1	393	1	400	0.0	578	81.23
sp|P04637|P53_HUMAN	XP_054431697.1	75.063	397	82	7	1	393	1	384	0.0	577	82.12
sp|P04637|P53_HUMAN	KAL2765775.1	87.613	331	37	2	1	331	1	327	0.0	572	89.73
sp|P04637|P53_HUMAN	KAN3722677.1	77.411	394	74	6	1	393	1	380	0.0	571	83.25
sp|P04637|P53_HUMAN	GAB1296297.1	73.594	409	80	5	1	393	4	400	0.0	571	79.22
sp|P04637|P53_HUMAN	XP_020724686.1	76.984	378	77	3	1	375	12	382	0.0	570	84.39
sp|P04637|P53_HUMAN	KAK2507581.1	75.059	425	47	6	1	393	1	398	0.0	570	78.82
sp|P04637|P53_HUMAN	XP_012384546.2	80.203	394	67	5	1	393	1	384	0.0	567	85.03
sp|P04637|P53_HUMAN	KAN7271826.1	73.750	400	85	6	1	393	1	387	0.0	565	79.25
sp|P04637|P53_HUMAN	XP_028390487.1	74.185	399	90	8	1	393	1	392	0.0	565	80.20
sp|P04637|P53_HUMAN	XP_064439272.1	79.292	367	62	4	1	366	1	354	0.0	563	85.83
sp|P04637|P53_HUMAN	XP_021503848.1	73.684	399	90	7	1	393	1	390	0.0	563	79.95
sp|P04637|P53_HUMAN	XP_012868944.1	76.010	396	87	4	1	393	24	414	0.0	563	82.83
sp|P04637|P53_HUMAN	XP_075416982.1	72.796	397	86	3	1	393	1	379	0.0	561	78.09
sp|P04637|P53_HUMAN	XP_075848143.1	83.283	329	50	3	40	367	1	325	0.0	561	86.32
sp|P04637|P53_HUMAN	KAM7231881.1	78.378	370	67	3	1	369	1	358	0.0	560	84.59
sp|P04637|P53_HUMAN	XP_028635883.1	78.649	370	72	4	1	367	4	369	0.0	560	83.78
sp|P04637|P53_HUMAN	XP_077021977.1	78.803	401	68	6	1	393	1	392	0.0	560	82.29
sp|P04637|P53_HUMAN	XP_012862776.1	72.292	397	87	5	1	393	1	378	0.0	559	79.35
sp|P04637|P53_HUMAN	ELW63594.1	81.742	356	49	5	1	353	15	357	0.0	559	85.39
sp|P04637|P53_HUMAN	5XZC_B	100.000	265	0	0	92	356	1	265	0.0	558	100.00
sp|P04637|P53_HUMAN	XP_042638393.1	74.242	396	81	3	1	393	1	378	0.0	558	79.04
sp|P04637|P53_HUMAN	XP_063485599.1	99.254	268	2	0	126	393	33	300	0.0	558	99.25
sp|P04637|P53_HUMAN	XP_063485599.1	96.875	32	1	0	1	32	1	32	8.77e-08	65.9	96.88
sp|P04637|P53_HUMAN	XP_016070651.1	73.506	385	89	4	10	393	9	381	0.0	558	81.30
sp|P04637|P53_HUMAN	XP_019520507.1	88.852	305	32	2	90	393	23	326	0.0	556	93.11
sp|P04637|P53_HUMAN	XP_027984162.2	74.937	395	79	6	8	393	42	425	0.0	554	81.52
sp|P04637|P53_HUMAN	XP_070338505.1	89.836	305	30	1	90	393	15	319	0.0	552	92.46
sp|P04637|P53_HUMAN	XP_004594840.2	75.443	395	85	6	1	393	1	385	0.0	552	82.78
sp|P04637|P53_HUMAN	NP_001119587.1	100.000	261	0	0	133	393	1	261	0.0	549	100.00


